00000000000000001000000000000000
00010000000000001000000000000000
00010000000000001000000000000000
00010000000000001000000000000000
00010000000000001000000000000000
00010000000000001000000000000000
00010000111111111000000000000000
00010000000000001000000000000000
00010000000000001000000000000000
00010000000000001000000000000000
00010000000000001000000000000000
00010000000000001000000000000000
00010000000000001000000000000000
00010001111111111111111111000000
00010000001000010000000000000000
00010000001000010000000000000000
00010000001000010000000000000000
00010000001000010000000000000000
00010000001000010000000000000000
00010000001000011111100000000000
00010000000000000010000000000000
00010000000000000010000000000000
00010000000000000010000000000000
00011111111111111110000000000000
00010001000100000010000000000000
00010001010100000011111100000000
00000001010100000000001000000000
00000011010111111111001000000000
00000010010000000001000000000000
00000010111111111101111111111011
00000010000000000100000000000000
00000000000000000111111111111111